number of data:
10
-----
rows:
6
cols:
3
-----
0.000000   0.000000   0.000000 
1.000000   0.000000   0.000000 
0.000000   0.000000   0.000000 
1.000000   0.000000   0.000000 
1.000000   1.000000   0.000000 
0.000000   0.000000   0.000000 
-----
rows:
4
cols:
3
-----
1.000000   0.000000   0.000000 
0.000000   0.000000   0.000000 
1.000000   0.000000   0.000000 
0.000000   0.000000   0.000000 
-----
rows:
6
cols:
3
-----
1.000000   0.000000   0.000000 
0.000000   1.000000   1.000000 
0.000000   0.000000   0.000000 
1.000000   1.000000   0.000000 
1.000000   0.000000   0.000000 
1.000000   0.000000   1.000000 
-----
rows:
4
cols:
3
-----
1.000000   1.000000   0.000000 
1.000000   0.000000   0.000000 
1.000000   0.000000   1.000000 
1.000000   0.000000   1.000000 
-----
rows:
5
cols:
3
-----
1.000000   0.000000   0.000000 
1.000000   0.000000   0.000000 
1.000000   0.000000   0.000000 
0.000000   0.000000   0.000000 
0.000000   1.000000   1.000000 
-----
rows:
4
cols:
3
-----
0.000000   0.000000   0.000000 
1.000000   0.000000   0.000000 
0.000000   0.000000   0.000000 
1.000000   1.000000   0.000000 
-----
rows:
4
cols:
3
-----
1.000000   1.000000   0.000000 
1.000000   1.000000   0.000000 
1.000000   1.000000   0.000000 
1.000000   0.000000   0.000000 
-----
rows:
6
cols:
3
-----
1.000000   1.000000   0.000000 
0.000000   0.000000   0.000000 
1.000000   0.000000   1.000000 
0.000000   0.000000   0.000000 
0.000000   0.000000   1.000000 
0.000000   0.000000   1.000000 
-----
rows:
4
cols:
3
-----
0.000000   1.000000   0.000000 
1.000000   0.000000   0.000000 
1.000000   1.000000   0.000000 
1.000000   0.000000   0.000000 
-----
rows:
6
cols:
3
-----
1.000000   0.000000   1.000000 
1.000000   1.000000   0.000000 
1.000000   0.000000   0.000000 
1.000000   0.000000   0.000000 
1.000000   1.000000   0.000000 
1.000000   0.000000   1.000000 
-----
