bias:
  12.3025  -1.43558   19.7325   4.41727    16.246   9.14133  0.189375 -0.274537  -0.11813 -0.259342
weight:
    1.43075     -1.1608    -6.24801    -3.30259    -4.40119    -1.77701    0.169013    -0.73286   -0.306734   -0.877115
  -0.192979     0.17479     -2.7519    -1.13914    -5.52509       3.334 -0.00710694    -0.77697   -0.863668   -0.137506
    5.84432    0.270845     0.99124     2.24236    -3.14527    -1.44162    0.825969    -1.23161    -1.85855    -1.01351
   -2.49421     2.43822    -3.96754      2.2726     2.88407     -1.0892   -0.598205   -0.310237   -0.821002   -0.692893
   -0.14562     1.06665     4.78342 0.000537086    0.832686    0.994157   -0.416974    0.664894    0.574461    0.856593
   -3.00522    -1.15078   -0.939682    0.525851     2.30384    -3.41787    0.208392   -0.490123   -0.425597    0.102743
   0.346162   -0.113522    -0.50962    0.325419    0.501497    -1.21082   -0.946951   -0.119563   -0.627765     0.61865
   0.382777   -0.298988    -1.90799   -0.506981   -0.204373   -0.558903     -1.2344    -1.56947    -1.12495  -0.0886412
  -0.754345   -0.454233   -0.362816  -0.0717284    -1.02224    -1.75199   -0.184465    -1.08925     -2.1793     -0.8198
   -1.30619   -0.514638    -1.05415    -1.11946    -1.05018    -1.40683    -1.04404    -1.08706    -1.26282    0.199917
