bias:
-0.306233   -2.9547  -1.18067  -2.76264  -3.02592   1.51817  -2.05029  -1.49167  -2.15795  -1.96993  -1.90848 -0.436312
weight:
 -3.20478 -0.569477   1.39429
-0.874824    6.8028   2.83329
 -2.53731  0.667196   5.50973
0.0843051   0.54424 -0.199626
 0.672095 0.0220566   3.31272
  1.81766  -7.23573  -2.17261
-0.199305 -0.367773  0.763035
-0.951811 -0.385142   1.02539
-0.585047  0.849775   1.01412
 -1.01602  0.950081   4.00461
-0.960705 -0.192076   3.74151
  -2.9547 0.0992317   2.27457
bias:
-9.10844  1.79831 -15.4213  -6.6052   -13.59 -7.82826 -4.29386  -3.0395 -3.55982 -3.48755
weight:
 0.0653427   0.174362   -1.66925   -0.27478   -2.27282   -5.05167  -0.754822  -0.678351  -0.326455   -1.37033   -1.47849  -0.578952
  -1.09056   -2.50984   -2.55548   0.226034    -1.2628   0.641045  -0.495566  -0.933857  -0.516245   -2.26072   -2.19762   -1.38914
  -4.53526   -3.60299   -3.18226  -0.191014  -0.874193   -5.67624   -1.33634   -1.91132  -0.530154   -0.93502   -2.27011   -3.36081
  -1.72569   -4.14154   -3.29277  -0.819856  -0.748539   -0.76435  -0.357525  -0.750172   -1.63233    -2.0705  -0.905489   -2.59463
 -0.223509   -5.71006   -2.55951    -1.3108   -2.27139   -4.32729  -0.977504    -0.8685   -1.27091   -1.87902   -1.49679  -0.893503
 -0.111884   -2.62444   -1.47623   -1.44089   -1.65185   -3.18888   -1.16662  -0.825762  -0.765573  -0.970982   -1.43416  -0.873674
   -0.6107   -1.99375   -1.68901  -0.201454   -1.89682   -2.27464  -0.500193   -1.60365  -0.938814  -0.551143  0.0779055   -1.12467
  -1.91135   -1.84553  -0.962295  -0.930111   -2.15125   -2.54043   -0.51136   -2.53795    -1.5351   -2.10424  -0.204812   -2.03569
 -0.840338    -1.8015   -1.30629   -1.05543   -1.13178   -1.93147   -2.09024   -2.00317   -1.79218   -1.69577 -0.0853569   -2.01199
   -0.3421   -2.16603  -0.736159  -0.667232   -2.19947   -1.19444  -0.605839   -2.73163   -1.50007   -1.49906   -1.17651  -0.410993
